              precision    recall  f1-score   support

           0       0.92      0.96      0.94        90
           1       0.91      0.89      0.90        87
           2       0.94      0.90      0.92        81
           3       0.92      0.94      0.93        82
           4       0.96      0.97      0.97       103
           5       1.00      0.97      0.98        90
           6       0.98      1.00      0.99       101

    accuracy                           0.95       634
   macro avg       0.95      0.95      0.95       634
weighted avg       0.95      0.95      0.95       634
