              precision    recall  f1-score   support

           0       0.84      0.96      0.90        90
           1       0.86      0.59      0.70        87
           2       0.79      0.83      0.81        81
           3       0.88      0.91      0.90        82
           4       0.88      0.95      0.92       103
           5       0.98      0.99      0.98        90
           6       1.00      1.00      1.00       101

    accuracy                           0.89       634
   macro avg       0.89      0.89      0.89       634
weighted avg       0.89      0.89      0.89       634
