              precision    recall  f1-score   support

           0       0.88      0.97      0.92        90
           1       0.95      0.79      0.86        87
           2       0.87      0.94      0.90        81
           3       0.91      0.89      0.90        82
           4       0.97      0.99      0.98       103
           5       0.99      0.99      0.99        90
           6       1.00      0.99      1.00       101

    accuracy                           0.94       634
   macro avg       0.94      0.94      0.94       634
weighted avg       0.94      0.94      0.94       634
