              precision    recall  f1-score   support

           0       0.89      0.97      0.93        90
           1       0.96      0.77      0.85        87
           2       0.85      0.95      0.90        81
           3       0.91      0.89      0.90        82
           4       0.97      0.98      0.98       103
           5       1.00      1.00      1.00        90
           6       1.00      1.00      1.00       101

    accuracy                           0.94       634
   macro avg       0.94      0.94      0.94       634
weighted avg       0.94      0.94      0.94       634
